NC_015119.1:1426-2962	P00400.2	77.843	510	113	0	4	1533	2	511	0.0	610
NC_015119.1:1426-2962	Q34388.3	77.495	511	115	0	1	1533	1	511	0.0	610
NC_015119.1:1426-2962	Q34391.2	77.691	511	114	0	1	1533	1	511	0.0	608
NC_015119.1:1426-2962	Q34345.3	77.299	511	116	0	1	1533	1	511	0.0	607
NC_015119.1:1426-2962	P00399.2	77.647	510	114	0	4	1533	2	511	0.0	604
NC_015119.1:1426-2962	P50669.2	75.538	511	125	0	4	1536	3	513	0.0	594
NC_015119.1:1426-2962	P67794.2	75.734	511	124	0	4	1536	3	513	0.0	593
NC_015119.1:1426-2962	P34838.1	76.667	510	119	0	4	1533	3	512	0.0	592
NC_015119.1:1426-2962	P50668.2	75.538	511	125	0	4	1536	3	513	0.0	590
NC_015119.1:1426-2962	B0FWC7.2	77.451	510	115	0	4	1533	3	512	0.0	588
